100 56 7
10 12 20
10 1 8
10 9 10
10 11 11
11 12 20
11 1 8
11 9 10
11 11 11
9 12 20
9 1 8
9 9 10
9 11 11
1 12 20
1 1 8
1 9 10
1 11 11
12 11 20
12 1 10
13 5 15
8 11 20
8 1 10
7 5 15
6 11 20
6 1 10
5 5 15
2 11 20
2 1 10
3 5 15
90 12 20
90 1 8
90 9 10
90 11 11
89 12 20
89 1 8
89 9 10
89 11 11
91 12 20
91 1 8
91 9 10
91 11 11
99 12 20
99 1 8
99 9 10
99 11 11
88 11 20
88 1 10
87 5 15
92 11 20
92 1 10
93 5 15
94 11 20
94 1 10
95 5 15
98 11 20
98 1 10
97 5 15
10 10
30 99
50 99
50 99
40 99
1000 99
100000 99
